0.01885761426363107
0.027133294080510233
0.027121376029705845
0.026237426762632833
0.024561103760186352
0.02681185207399492
0.02782736968904523
0.027761533786886554
0.024954217453497882
0.027105020744195376
0.027358632806090345
0.026678293111919476
0.02640821114901737
0.024773709409949513
0.02077712494069387
0.02827851486832439
0.025509203756878658
0.02093038251060258
0.023059875439087163
0.0264049402249652
0.029967648859548654
0.02679003684067515
0.01974508138718714
0.02203573635201348
0.02245155856426983
