0.005361149760863418
0.0047939899018831925
0.005134139169777131
0.00522907510233979
0.005188502005815508
0.00558454574829875
0.005147588005156531
0.004920558478806149
0.005167691493042893
0.005390480924088156
0.005265220647009236
0.005577381741845277
0.005422566128736901
0.005216554045868756
0.004352074843127804
0.005504319262539823
0.0049686452161522045
0.005265881215962348
0.005330524086091253
0.0050341388398120615
0.0060297389366846185
0.004907957428396456
0.004591238334346978
0.004894550792725599
0.005368523888594657
