0.061294701827973266
0.06345767582781607
0.062358302105701424
0.06236110182067555
0.06643056037951585
0.07286805401468315
0.06334072022196531
0.06221933391020817
0.0674985068785253
0.07368003044835066
0.07233862713283462
0.07315049558960243
0.07458490320127363
0.06389468747335603
0.05193279155000827
0.07545645806205892
0.06416903071215668
0.06918327703321021
0.06618589985335296
0.0671471229578013
0.07819688003085574
0.062372640568521445
0.05546441721798331
0.057168332193263435
0.06357693830731971
