0.005669599515734947
0.006039733342493086
0.005755079636916194
0.005908724038799994
0.005812594945844886
0.005617296884770468
0.005659427707592714
0.005926084433361547
0.005733476775915768
0.005711844109377572
0.005772353462458738
0.00554607652809446
0.005816339426784484
0.005495943586392218
0.005889923572587005
0.00545709387947104
0.005688146303103711
0.005319356392047519
0.005918330598382846
0.005825578949789009
0.005626550107000554
0.005664726368016716
0.005791110782765019
0.00558430948554733
0.00586243131938721
