0.0029349983412751786
0.002968671152404673
0.0033937711978698653
0.0030095853204061217
0.0031583538425647892
0.0032180088514323765
0.003573867500526047
0.0033857820434807454
0.002777791803431583
0.0036659542122920354
0.003319567765472816
0.003448725399133306
0.0027872166507604498
0.0038345510169454037
0.0031993329952394885
0.0027501249403091674
0.003099716470137319
0.0034557548604211147
0.003863312167770901
0.0036213139281065774
0.0028215478712341696
0.0030637841178704477
0.0030529032223453123
0.0030634880025932035
0.003096685395825076
