0.08340077015947361
0.07415456207612364
0.09306912085594521
0.057835024538732904
0.06840528474740104
0.05536722101152236
0.0577019321974786
0.10824105158923952
0.08319173158300341
0.08234998961458811
0.08938425983269432
0.08003728627420523
0.08206781145255754
0.06369696364034684
0.08390064040449852
0.11683387426143804
0.09678218191159149
0.10387376345812521
0.06296544392910387
0.08265247435429335
0.06396880159793705
0.07057875974574385
0.05575896118425222
0.07019019826711165
0.07903621101776975
