0.004406146932396107
0.004606130892830726
0.0038897322620658195
0.0033355270580997117
0.004348672560857792
0.003442750895106271
0.003372320599571354
0.004008927340328757
0.0038424953589184696
0.00376720119444281
0.004476583440313948
0.0035255248681258606
0.003936965370325535
0.003456883438257131
0.004247074725022526
0.004426152280191332
0.0035621149343437997
0.004201826400948469
0.00416398139720467
0.0033582755540892155
0.004239980917989941
0.004243686768430805
0.0032194095243348064
0.0036260122980936184
0.004197722525095037
