0.0019761265707148854
0.001999484726897891
0.0018758143733429483
0.001394370501399673
0.0017028435326303013
0.0015779468789849133
0.001662291194088591
0.00199122250020662
0.0020194131629645805
0.0016842927652773686
0.0018420690218854182
0.0018872807518939625
0.001782798723230492
0.0017437502425149544
0.0016833955813750263
0.0020619348600775136
0.0021365368919841797
0.0019473915827620124
0.00172433047993796
0.0017539985654539982
0.0018752308913744685
0.001868728676426522
0.0015021930282768613
0.0017367007037509205
0.001819377366978349
