0.022504898216526077
0.02197083474120656
0.019325381843528704
0.013337857428917575
0.0181681445051001
0.01489964144707205
0.016978103901397177
0.021558525142133866
0.02259056736223608
0.016469300534229757
0.01853755426951917
0.01665931345738287
0.019182915252348217
0.017988195593879337
0.017379239360365298
0.02153625575428256
0.02353745304944107
0.020060577998849582
0.017794974579332105
0.017895832638384155
0.02111869699892697
0.020250200305336256
0.015012796840062617
0.015012111855190007
0.0192652944803055
