0.005501762658423145
0.003989929876990263
0.004834227849609908
0.004422296417422469
0.004761164322592947
0.0061484015337968535
0.004578407641075899
0.0032697803155199655
0.003936209818152755
0.005225937911702131
0.0052912731296116235
0.003184112586174156
0.004201649646143339
0.0039999474544286096
0.005359218048565441
0.005004073226939319
0.0050234343436289875
0.004936975217303593
0.004968582200164701
0.005039025927251428
0.004401014024540026
0.00460357444868881
0.005167720401262878
0.004161641438090214
0.005761187019933307
