0.0018765504286527815
0.0018001727120087272
0.0018148568403204566
0.0015065564119648813
0.0018411758104130405
0.0022735998500541883
0.0018378695148728401
0.0016648536294778513
0.0019221631269725357
0.002181261260184403
0.0019362516791705273
0.0012559352716393706
0.0017060331816672765
0.001561018856611418
0.0020068407595714437
0.001705270113296871
0.0017453553139986637
0.0018317155179315312
0.00191748664608347
0.001931190541925432
0.0021500927801708838
0.0020509093763146757
0.0018974409762385874
0.0017471336644126626
0.0020937953511351247
