0.02161959704534574
0.02199056425312894
0.021921367666886085
0.017225984607749004
0.02307058436300668
0.029538459584619634
0.021337910675863273
0.019155592892343223
0.024348719843391747
0.02793331432162067
0.02383045835446647
0.011544893911270776
0.0186363934477646
0.01812265268691043
0.024083932066213027
0.02054624871201628
0.021366313604126937
0.02109990100805072
0.02300991446940556
0.02283915916625453
0.025844091688292575
0.02539484064010596
0.022866969312118523
0.019338997268873514
0.024940224255577584
