0.0027343655844066354
0.0027580787554997445
0.003122127442353424
0.0036391031351196436
0.002807852870047224
0.0037167887135028154
0.003566724444634352
0.003066297762228821
0.003102046775887645
0.0027214002695142656
0.002619763214975467
0.0027716033838043
0.00311250988956598
0.0030258101885669575
0.0029729573578416283
0.0027129896644099223
0.002720355155715377
0.002956800686105291
0.002748963949982139
0.0029546507740102097
0.0028268379105683304
0.002889050918027555
0.0025327871026795666
0.0027040008210646384
0.0027678565127055486
