0.0024094152073670834
0.002026078615114156
0.002991696776792242
0.0029116319005284995
0.0019810688696511826
0.003420726262456822
0.0026087478448317955
0.00186495194237695
0.003037057164437243
0.0024440155895976323
0.001855323713828113
0.0027871461378700577
0.0018262840993982937
0.0026168108365985363
0.001890907546415367
0.001981744746865933
0.0022777306006479875
0.003450103462260144
0.001852045508040398
0.0019399819954664958
0.0024496317850876354
0.0021490136935264897
0.001685125087284892
0.0020396839839457366
0.0020328915527177017
