0.03825778359657673
0.03808979540799918
0.043355374950005694
0.04518815484029428
0.035584233492232296
0.051243286779632954
0.03648116483384905
0.037689286321879005
0.05150466056654995
0.03969000957606302
0.03298968756273309
0.04736341989912826
0.03614084808150635
0.03910123017081116
0.03889448354610984
0.03696618939639014
0.039732194983886304
0.05702180626104142
0.034865909569224515
0.03829007305390981
0.04447340370078782
0.03876147271894995
0.03261860457277468
0.038694750116711175
0.0380695365282281
