0.002392891552687489
0.0017467124950120655
0.002005434495173028
0.001808243526407804
0.0018615089958556685
0.0018651821462429047
0.0018528527269609204
0.0015044464779150467
0.0017717402936445182
0.0017342603424309487
0.001801691895946893
0.0018641278403570864
0.0018865699964442254
0.001970598173034699
0.001887823934564264
0.0017411912516513244
0.0019277390500075902
0.001769372755454233
0.001736922612691896
0.0019106766058527768
0.0017469654508059087
0.001740620542485169
0.0020998896283900255
0.0018437831163617888
0.0019433928212749612
