0.0017155309887561122
0.0015736441441422447
0.001636189583780266
0.0017686099208760646
0.0012841932755613043
0.0017836877222894502
0.002067344569899677
0.0019477350398437385
0.0015499916287901104
0.001646723247998371
0.001705113927580437
0.001954408751433877
0.0018154388349291342
0.0017554410160447046
0.0018890968425188167
0.001676460390144436
0.0023085175697982814
0.0019498096748066709
0.0014978444694047747
0.0019907168315681277
0.0015574348513531986
0.001789850508007355
0.002341871141912692
0.0014384870969472855
0.002123861565335959
