0.029299605623391827
0.02750987791886844
0.027119321636612858
0.025236473630518334
0.024852314651479787
0.03264918689518389
0.03469395847578804
0.02524481669370245
0.027647247753079796
0.027249444789939282
0.03018980024189059
0.030888947458227362
0.03332620148311657
0.032677525264301996
0.03087583130643958
0.028439695372687805
0.03543316533750861
0.03225659112267335
0.025022644299167028
0.02853159144127993
0.02751106998638256
0.031339765376070416
0.038820881784747685
0.025074526800897057
0.03196702334826579
