0.0029713219494477625
0.003840534967009338
0.004128266811442463
0.003940859332804489
0.003615150437669803
0.004136241302869242
0.004406666449715119
0.0034085509509515477
0.0037609238121354715
0.00365348754816105
0.003717524954882489
0.003936987367774343
0.005008035742801372
0.0037273495888343906
0.004247864310167295
0.003241871438838136
0.004601320982294097
0.00397506935678586
0.003464887687153624
0.004582198880901345
0.004242704426928164
0.0040535143049260395
0.003317856138560411
0.003804499755997285
0.003868454717201903
