0.0014952337655337782
0.0017034928730824356
0.0018904825199024668
0.001668105998641946
0.0016584153277149811
0.0017309630374228095
0.001816701693667522
0.0018688504730183238
0.0017454123845604855
0.0017191440710183292
0.001755027378413719
0.0018012656654307414
0.001990655674256343
0.0015994654169883
0.002060012807322759
0.0017003200648564453
0.002096568586310315
0.0016828060783658358
0.001596239140019077
0.002160062441120253
0.0019774551443902657
0.0017716835001350024
0.0015405558705924001
0.0018109239679772312
0.001763743841876075
