0.016437519222906597
0.01685900408977574
0.020735561199751153
0.017784353103584012
0.01795980003147903
0.017800983038228746
0.01953698086302543
0.020018248936684566
0.018920300063302777
0.01848355760885006
0.018122598910106653
0.019229045807587317
0.022660375588435675
0.015399721985250445
0.02219670828136074
0.01883497306136049
0.022671733076663706
0.018162915206381344
0.016546838450279315
0.0232342763085905
0.020879582647670227
0.01704883286152724
0.016270026071716907
0.019641030074913045
0.019157847614058695
