0.0032596985748156245
0.004339061021751325
0.004088569400796984
0.003725454665339719
0.004049450118543336
0.004442914118331187
0.004285215627178845
0.004154522647164394
0.0041545756860822585
0.004371823375956452
0.0036724747634058726
0.0044042088916970545
0.004160003962693023
0.0041952043721608205
0.0034679010555063094
0.003638844808332065
0.003897784689643968
0.004169491713896236
0.00403370757724556
0.0037090161020512393
0.003789040858711807
0.004403653107550104
0.0046980702753825
0.003188255053958816
0.004476978876498004
