0.0017251885380689229
0.002056360015734879
0.002003057690488496
0.0019530398098133392
0.0020455564387249956
0.00198858564658274
0.0019201781604038317
0.0018042789880110112
0.0019829205859335577
0.0019735417329722854
0.0019236398844518893
0.002042208179749843
0.0018234991547377477
0.0020959112763503074
0.0018492080080003495
0.0019704557575795467
0.0020315035339989944
0.002164339545114097
0.002061645276820268
0.0020308953347155123
0.0019481869670338384
0.0019754561710796327
0.0020128810243754064
0.001781009270158208
0.0020179847227118184
