0.017464803932768433
0.025917017941609846
0.02470796729972814
0.022223105718416816
0.023558020342316917
0.02678182896298091
0.024424048195977436
0.021777536967127045
0.02287901161997072
0.024682342773248878
0.02146675518290482
0.02513885377997485
0.020547663858866864
0.026546245644312225
0.02041772970246846
0.02118872503502046
0.024886369994789104
0.02841033496848709
0.025345411676839815
0.022319710309952546
0.019524699702474228
0.025178491603853485
0.027158314724344074
0.020995041905414794
0.026921970637318684
