0.02164490285582433
0.01765488662565922
0.020091424011312132
0.020781405587131672
0.02172317985255328
0.01855832021498605
0.020474506562057296
0.019472367120539395
0.02014381508233464
0.01824362080683716
0.01884195738991531
0.02009180847391051
0.019096907193292892
0.018704797835730175
0.019487206595161108
0.01988283692533181
0.01935005418299452
0.018093263932501366
0.019577943167196205
0.019846096367463893
0.01960054565606959
0.01927146526249305
0.01933498627752908
0.021161684193983697
0.020892312968823254
