0.0041200948195132025
0.004286804001311974
0.005033825678966149
0.004682470243680352
0.004957924186875918
0.004360869030298614
0.005161040170547368
0.005613818134403054
0.0041441909039412915
0.004512377907891201
0.005194737509913775
0.005191652044928478
0.004731600566930367
0.004398055162285013
0.0051028313226045615
0.00503851994501873
0.004765493752939125
0.005164650053079909
0.004615016679214149
0.004642357896301218
0.004557067376823108
0.004604457033904574
0.004934522804475196
0.005005551534768896
0.004314272101349568
