0.005852439876634666
0.005762927836545364
0.006037685464775079
0.005500987350948688
0.005827661456655897
0.006535129253151191
0.005338073293044489
0.006084856284696377
0.004543093056542553
0.00639127527715479
0.005435801785331112
0.00650369658782601
0.00392676615612811
0.005407492050406871
0.004667413966203804
0.005126652996646085
0.0055838678268379
0.004519959713154964
0.00509644412166023
0.004894315947592151
0.004384976425266151
0.005602563859679936
0.005326544963252811
0.004828268563528425
0.007160309316831078
