0.002445228351609489
0.002160808675855963
0.0024041974900589234
0.0021829702131190465
0.0024372344883521447
0.002347892543960592
0.002303311698975109
0.0022214917070518
0.001932118361549791
0.0022795886492795454
0.002269073413719258
0.0024248567754370743
0.0022360780346961893
0.002125740428360558
0.0021155555456710607
0.0022985643217585663
0.00232889325185137
0.0022442052833132986
0.0023318442677646577
0.0022805389675873704
0.0020910980396078613
0.0023274569229199075
0.002212555060567514
0.0024599734485711905
0.0024774547283167845
