0.03160726735261969
0.02662513941688624
0.028260668261086634
0.025161286111214026
0.027652195898383376
0.028638360697960122
0.02705478649346344
0.028148990093066352
0.022157545598582212
0.028672681391879316
0.028142224797133047
0.03242614678838714
0.026904264428269053
0.026006927225132665
0.02450643773622869
0.027171160867127713
0.027620290728297157
0.027588040611517657
0.029764831455770854
0.026422149796559723
0.022794894659705276
0.0267786399566992
0.025651665652466966
0.026308578369458237
0.03353581508852735
