0.0035107689268899936
0.003107181804884411
0.0037785502632447167
0.0037906264697378034
0.0026000219732705133
0.0033803212899079487
0.0034641838262068963
0.003528224234139801
0.0026287039695669697
0.0030346478772183367
0.003708050461736182
0.002914967516467792
0.002084894188250273
0.0027772332244952683
0.0030612155518209548
0.0024737128647241606
0.0030531085713329372
0.003558552339037902
0.0031988670126470364
0.003098589206322145
0.004043756770504379
0.0035834518747420367
0.003356812829110149
0.002866370133509686
0.0038455599330030807
