0.0015097939301424606
0.0019011690895781607
0.001698438777820675
0.0015094549169273176
0.0013760759453261702
0.0016899392357184089
0.0017029267174361283
0.0016959081004200738
0.0018447892570969157
0.0014912706250312453
0.0019277488094232487
0.0015853301614131264
0.001512083517397094
0.0015095591936158898
0.0014665745112560134
0.0013545934997147772
0.0015995172405374113
0.0015266691783363277
0.001861264172033041
0.0015886574410362841
0.0016936408765811574
0.0017832229664070053
0.0017407718058919635
0.00160495020036116
0.0016319145642199797
