0.04039169865380912
0.04947495072837777
0.044774991039120166
0.04401585386610295
0.03338130772965997
0.04403691913016725
0.04226613794184777
0.044991872918119895
0.04168473150098347
0.03986269964630356
0.05206820938019559
0.038011018198006695
0.030326685566747866
0.0353740339538925
0.03792734820765323
0.03296842896882429
0.03575332758217048
0.03994048537120263
0.04236261047382451
0.041863417998143325
0.045316242518241755
0.04778990291643144
0.04276942227230511
0.036552786468291416
0.04356006040311541
