0.0038712616842970903
0.003978447448252198
0.0037977431416684154
0.003099972945859126
0.0033248654183026384
0.0039379537154159245
0.003992519275357698
0.003481123206704846
0.003820441045723086
0.004166490966433071
0.0036620461259776484
0.004540563571180199
0.0039035802364100463
0.004300122470363937
0.003660925705524844
0.0036098075538046996
0.0042337958240998815
0.0049259069144022075
0.0036094820162508438
0.0037169375265864724
0.003991655584391777
0.004029316140955231
0.004238618105465424
0.004241519225829182
0.003567430228802913
