0.0017889701770725701
0.0019021059327272722
0.0016416620117237944
0.0016666969848798657
0.001627868913495435
0.001733770765639805
0.0017831440211486954
0.001801439708561903
0.0016212949377145654
0.0020264372615835407
0.0017132699558292496
0.002007506185363521
0.0019195527918523653
0.002115343976632523
0.0018474561403120976
0.0016437472322234049
0.0017903096935575557
0.002127745061334832
0.0018448973753800316
0.0017133840448637378
0.0018031358503774035
0.0017526384901094957
0.0021027061364428602
0.0017955689255271976
0.0016261056569132884
