0.01886807955004756
0.02138628137369073
0.016998589616289504
0.015117827440354026
0.017362104322961286
0.017156513895385844
0.017893657599633198
0.019613274219458434
0.017305445567167715
0.022173488063576663
0.0181871399311689
0.021613862123734985
0.021373641115947063
0.02295257861529452
0.01974226236279361
0.016746259785147582
0.01953656113618646
0.021288258239579073
0.02018705852703373
0.017225839636794842
0.01744536465084914
0.01825001488740802
0.022326830731105498
0.01870355763256768
0.016191941360483596
