0.002881138571234155
0.002821351091946106
0.002787454530858545
0.0029721527226409554
0.002737608231099168
0.003323847934117881
0.0029080439361264827
0.0029058564762132542
0.002897003653403265
0.003041174434286104
0.0029654988674218713
0.0028438085971890827
0.0024443565080137395
0.00310932215092324
0.0029585422637629626
0.0030096415534749225
0.0029228809585175636
0.00305596329721633
0.0029159227471694106
0.003364733017190974
0.0026273301806621603
0.0030766175122246956
0.0029808463146342823
0.003107795359531323
0.002720221278597069
