0.0023781316405851673
0.0018218638352174659
0.0020884907664612123
0.002079596699539413
0.0018674368994198076
0.0032341351290965143
0.0018635693946535917
0.0021415242109991623
0.0019570073998467943
0.0019175097851133083
0.0020247766538541035
0.0022663893429132977
0.001983870194942358
0.002412438434505375
0.00222031149803595
0.002214523911848199
0.0022557981588312947
0.0023297286619176345
0.002886008055944674
0.0019548624664872095
0.0025730467207093
0.0026267575078248243
0.002241555202916075
0.002197508931553521
0.0017636831297123266
