0.04420335971764213
0.03566518451930138
0.03849728703765564
0.04542824053499967
0.0343221165555634
0.0482398140145675
0.03853602645408214
0.04283929494071232
0.03899465316443356
0.0385080617331119
0.04045285137265672
0.04303441106372008
0.03706341363334104
0.05069753825012246
0.03951287073921718
0.041376197380819504
0.04407073391670611
0.038003932014066266
0.048923615366510166
0.035912057408202025
0.0427996540251183
0.041531618875801334
0.04009430870388522
0.03471340416896277
0.0343373335081625
