0.005595457506621968
0.0061281365984909445
0.005856021702516105
0.005641695385851685
0.005535565966524642
0.005669596405590101
0.005818357416328365
0.005589054483463268
0.005888536268280062
0.005956487489831197
0.0058119307969192405
0.005779488925289425
0.005873206057916177
0.0059513689723432826
0.0052029050771938016
0.005965723178682027
0.005477186964608764
0.005739016562197432
0.005585001311952827
0.005697988500354697
0.005971238145291906
0.00556479506925291
0.005816291796724454
0.006134744233039545
0.005686706869415897
