0.00258629492875354
0.003567340385522791
0.0030695269021465965
0.003132391409373663
0.0032437965666441836
0.0031244884802486693
0.0028077485380182962
0.002738062519640075
0.0029046410672373757
0.0034642396958589057
0.002808745982045519
0.002783144263680843
0.003492554242602746
0.0031697183217390366
0.0031282542673784735
0.003601063168441154
0.0036196160351259278
0.00270969202101603
0.0036340371847082492
0.002893605185653511
0.0037139873920336098
0.00379168834299782
0.0030058904065668555
0.003907142368349087
0.0030313005551394516
