0.003101189865932807
0.00246330793027059
0.002718691558756728
0.002710888736705976
0.0028419477824390494
0.0032223752110691066
0.0037821905670156557
0.00352568930323337
0.003331219056132771
0.0028578943193986934
0.0027472592451887935
0.0026988685537349057
0.0026037693474904337
0.002151838372383848
0.003573777656606172
0.003421056411514323
0.0032009252104184577
0.003694007750755351
0.003070633920399758
0.0027083821478989726
0.002903334371823151
0.0028175097245609648
0.0035451984313357773
0.0027747146061853274
0.0039200287374748
