0.003722639600123109
0.003058548290402264
0.0033096056776102927
0.003846574951393491
0.0033560761767977157
0.004221894242876436
0.002889744134941238
0.003174008121124388
0.0033175455543587
0.002584335776127048
0.003173595047690164
0.0042537155160573
0.0031632310657554895
0.0027975942886295964
0.0036656048306346676
0.0029906740416495684
0.003359161246433008
0.0027844704843875408
0.003324031036040563
0.004276032766486028
0.0034382789429921574
0.003508833896436261
0.0033244995350160834
0.003227607693386576
0.0028454643732768654
