0.0016954360506256957
9.383608363649075E-4
0.0018284031023610159
0.0016421741618058527
0.00156978747923158
9.621818019251319E-4
0.001210291351417289
8.108306823574197E-4
9.408299379128414E-4
0.0011943252925635727
7.053068409753517E-4
0.0016123295507939257
9.751634186298329E-4
0.0012292918580731034
0.0010316663317272961
9.418187672245974E-4
9.411725361483521E-4
0.0012760137809832237
0.0015176803198497183
8.681992149489938E-4
6.284421926975343E-4
0.0018006803903685472
0.001479412790081893
9.855641337777107E-4
0.0020724443487936967
