0.0023686749156996314
0.0023991354223260025
0.001960559231833108
0.0018239110066477805
0.002159395147408567
0.0021884334257509038
0.002327833441794052
0.0024639895242354994
0.0023663343379937427
0.002140287052233647
0.002589301948063148
0.0020412266405746794
0.002465738819921908
0.002190143995465608
0.002431555923985399
0.0024404914271082276
0.0022265222813497403
0.002025019582560692
0.0022774201229673833
0.0019098085843482274
0.002834079404073869
0.0017884646143480375
0.0017946357646926347
0.0022826517952890353
0.0023669399843351353
