0.033121202407941454
0.03023824926795066
0.031717142412271124
0.03298160725223884
0.03472040781891761
0.027842085008461588
0.030490287909229648
0.029298068537451472
0.029180987217474835
0.03002176140647347
0.029048972335095666
0.03413100543169121
0.03187029096560519
0.030642620334379634
0.03031639625863993
0.030670252855410005
0.027286011040817
0.030132095340514836
0.033509141079206516
0.025022042527496863
0.029369304971637637
0.032552184579950225
0.03188853390403302
0.03003997686472013
0.03501851396295928
