0.003167553093133195
0.004785063421065605
0.0033987921445047388
0.003345258396650077
0.004644642940706955
0.004365194489684815
0.003720321673920266
0.003552978652302897
0.004343261501742894
0.004468994134607065
0.004518152560357598
0.004870876808633009
0.004187321938589897
0.0037877071429797938
0.004178204090246188
0.004246636655797177
0.004974020354462306
0.0032099241958500895
0.004175784093192746
0.005217951505020935
0.004469136780521639
0.0037870923094368496
0.003896840982456914
0.004048846520162717
0.003657228394577914
