0.001762331263289427
0.0021379755253868576
0.0019212421382437481
0.001844310956006993
0.0020849795936873825
0.0022473261148812386
0.0019816638968688156
0.0020015651360525584
0.0019719937800444782
0.001997693284756844
0.0019843247958599847
0.002155404953678036
0.002021522857542274
0.002108962343083104
0.002093366994668891
0.0020844716967187388
0.0019519996374664451
0.0018789690425944532
0.0019207337651081626
0.002092522108006916
0.001960432037887476
0.001856829171827658
0.001756146641131006
0.002066649222932145
0.0020412942801169304
