0.019749180316734314
0.027780340480263024
0.021378563342714502
0.0200648178906676
0.026784226182609467
0.026308518499862345
0.02432116585319515
0.017372477451628246
0.025034578328043015
0.025620769327549444
0.02406492128601951
0.025755233672095517
0.025079075895588242
0.02474073475551819
0.023745123324354845
0.02593142543172239
0.02492623206601821
0.01857406485567089
0.02554183984305386
0.027009428698098983
0.026115801914526518
0.022194164680428966
0.021327662517735737
0.026429618776683088
0.0235982020996797
