0.00363391853568722
0.0038326144126788076
0.004077573246151177
0.0033719777887957587
0.004337355040329604
0.004296687994347719
0.0042332336082487
0.0037448138003196513
0.003733791541965213
0.0039630074957009796
0.004684516268804788
0.0038662821726727524
0.0042180913794961725
0.004097302947767511
0.0033943629834035246
0.003557419100514746
0.004864653028750887
0.004220837348416166
0.004663360559044952
0.0046333561270172855
0.0036505107116039407
0.0033402495441973
0.004648703953772203
0.003263079747125466
0.004446129550631037
