0.001652236299819774
0.0018043034540450862
0.002104304183694472
0.001750167978130198
0.0016846569629236036
0.002022510709327724
0.0017729602062746589
0.0016896398759048842
0.0018622883544083624
0.0020088602300991397
0.002135354190703412
0.001745532645949061
0.0018913388608260023
0.001827701229309358
0.0014815962519137335
0.0017671805034206063
0.00210182586911655
0.0017643820466195265
0.0017459752871895442
0.0019181102490397237
0.001868827789753649
0.001642379563787405
0.001945947507498803
0.0015130213678490954
0.0018034865895335396
