0.017137449384208296
0.017874503166575028
0.021516306335636913
0.017134345483621378
0.01857448169779693
0.021817092355489606
0.019740551113112084
0.017289229274203625
0.019893143746710567
0.021138177467391925
0.023790594672191533
0.018222858809135545
0.020014341528557425
0.019074897582973028
0.015691064125709947
0.019251133822215664
0.023111121714990555
0.018276134230215287
0.018477041634694994
0.021809985844096335
0.017990572881544434
0.017625222022933266
0.021318771446868286
0.016123790515766078
0.018857688193554694
