0.005095822316933326
0.005302531148518971
0.0050306078929458365
0.004104350912479544
0.0046335233772573925
0.004700443992715044
0.0041282079627543
0.00448535304553392
0.003717640997630653
0.00466390095217382
0.004289473991881257
0.004560253159048813
0.0037414149677521148
0.005189920096007515
0.004837206605758114
0.004243111735972419
0.004078241752866519
0.003969722179632115
0.003092870650608378
0.004865200097874537
0.004982134893020915
0.004788073239158841
0.0035491042204882357
0.004111689093031658
0.004439688283274525
