0.0020658199236482408
0.0017430848413290093
0.0018681939156646827
0.0018550561911501514
0.0016419374439349155
0.0015974752684441242
0.0018518964365898361
0.001709661665414293
0.0014691541068773577
0.001659734185333427
0.001724077797739811
0.0017321641622342896
0.0015431203825327308
0.00173951079487827
0.0018031958684254484
0.0013314058958641087
0.0017265331261122063
0.001510432609816036
0.001589063449174787
0.0016315549197828928
0.0016083180930840332
0.0019977846581451537
0.001458150901336689
0.00166045115355157
0.0016338095747566823
