0.025389057066034986
0.021277037450745287
0.021523073070135203
0.023097795578916946
0.018169222033502692
0.019552191613690657
0.02394101750969483
0.021360593413962632
0.015763920074778674
0.01929968549938826
0.021348421392133523
0.021359992261278417
0.01802657271306066
0.02063234520332676
0.022439942718184412
0.01345897712719678
0.019307027573399943
0.01706061121266485
0.01587353391797639
0.020341777239614316
0.018860659654577047
0.02549669186917921
0.017811715717438448
0.019333655141883645
0.019178396368338988
