0.004672749779957213
0.005688195280361835
0.0056598810124210775
0.0050457481596151085
0.004886936405362311
0.005232647853206921
0.0051517622680219135
0.006338238843215244
0.00483573165215235
0.005054360964267641
0.005865241542414127
0.005840025359739865
0.0055008546744537545
0.004546642604070452
0.005012488583943844
0.004068885120204567
0.005195918495445444
0.00523174104568343
0.00567559433179582
0.004591926446064489
0.005452142857911961
0.004899974259505985
0.00527609935465177
0.004588672431115599
0.00457793119468923
