0.0019416001677851511
0.0019928662755635458
0.0023594462281230967
0.0018884897345221605
0.0019398167368948555
0.0023870480600932174
0.0020800135390891665
0.0022929719136107088
0.002300074454056712
0.001993711352770949
0.002233032566916893
0.002432270146977956
0.0023914622755628083
0.0021243152831567184
0.002173956347880907
0.0019223406246532731
0.002144480482139508
0.001941988720249114
0.0022609829973793587
0.0019053872860860467
0.0022663940237326393
0.00215722991736208
0.0021011060784251897
0.002013896727689505
0.0024309720967777906
