0.022315719641005025
0.024158169705774786
0.02804382486093636
0.022294299278300254
0.024230225338886285
0.02963997523700162
0.025337243926280357
0.029175397776288012
0.027740512854608823
0.021499605269320127
0.026869985403319002
0.03169175599753061
0.03060351269617228
0.026893279803901198
0.026671363880543822
0.0200101174316827
0.024219544316600908
0.023005093950003642
0.02712596872704698
0.01926250994356425
0.024312496489004163
0.02571840246550305
0.023226035877508315
0.018632564147048773
0.027943578691057912
