0.0043441434106406985
0.0036709557009736173
0.0040845825142963475
0.004980808869477062
0.003698495914445468
0.004320910352682054
0.004284500419462881
0.003990126858250482
0.003812465917153408
0.0030328484022155502
0.003888508685624374
0.004264836045424264
0.0052183638843764125
0.002944165937052817
0.0029467550997111912
0.004195682081417922
0.006748768643463687
0.0059167804411841985
0.004042260386842303
0.004322561576990483
0.004306782664551284
0.004272253082508199
0.004832273077527192
0.003767291387128375
0.004848779635280021
