0.0019207159775251252
0.001995417503629865
0.0020199445478308216
0.0020608338916324426
0.001853429059986998
0.001864622418322323
0.0018085380181025663
0.001920137710508557
0.0019807856679934033
0.0019397611369987076
0.0019299773631011234
0.002144354790813233
0.002138782658312693
0.001902692941467544
0.0018331242322883541
0.00208092073104026
0.0023976137673904292
0.0021270880737571237
0.0017570004315470675
0.0019016905333103596
0.002089241268461722
0.0017163794998289225
0.0021765490320141893
0.0018213972864675777
0.0022032431538675378
