0.019899313710710274
0.019554044597087
0.023408150412562063
0.02544114509515075
0.01946364244546891
0.02048914655372439
0.018586413039530417
0.02104005927839873
0.02017622566203054
0.016628182233240425
0.022572664458637818
0.025703371423676177
0.02599485553264983
0.013930293257254873
0.014978214405084983
0.024561768130551657
0.02988322530509984
0.026767972786670015
0.01859607375324173
0.020289470611664962
0.024349316180881157
0.019981794113505136
0.026099500895063577
0.02075548477491495
0.027024518392481718
