0.002170930817496372
0.0019545492666298266
0.0018249235516283246
0.002642012175796979
0.002436507024974239
0.002309974313217637
0.0018946406999769663
0.0023879174816862133
0.0018220970145339372
0.002137436105929491
0.0018774827183679899
0.002182348896405124
0.0026464922437548517
0.0016486329110725535
0.002538320788313694
0.0018511321863578629
0.0022145359943855003
0.0024521150702338313
0.0018893064817227761
0.0022155469532907134
0.002295468225678658
0.002481103792655802
0.002752033819833641
0.001694470292003439
0.00233550824087731
