0.0024780690208794096
0.002705799295881395
0.002416548239417234
0.0024355903391832592
0.0021731560065760703
0.002101705910039222
0.002093933527153602
0.0025660318527789042
0.002383940213974657
0.0025483356517399204
0.002239680093824982
0.002344896189832358
0.0026329004480677987
0.002429978458023582
0.0022110366598163443
0.002322300386088299
0.0025369692806474645
0.0029762284156873197
0.002544082390952865
0.002615549965510893
0.0021799936476024416
0.0024409974104041797
0.002988036694558792
0.002523421751997362
0.002758454890893102
