0.03804344307128845
0.043466732155976406
0.030075704942273115
0.03481390595515438
0.03592043884275976
0.03475961801465908
0.03000519844300138
0.04192245748048686
0.033902015778375254
0.03377763509201139
0.03520307121094407
0.03622428948089086
0.04235488430131129
0.029519029261917552
0.038963681175322805
0.032303655194641
0.04081480156676182
0.05849486055671206
0.03852528777460462
0.03641881617459021
0.03716315934603779
0.03925386269727986
0.0467099066394957
0.029281897624181517
0.04931615622058044
