0.0030903484527811985
0.0031135726421484596
0.002527318499414511
0.0034933853544922215
0.0028152602444360612
0.0028786299514826546
0.0031460182747762313
0.003160429401151628
0.0028329098982992225
0.00341234403233217
0.002767625704096006
0.0029761505390076847
0.002911548441548522
0.002619363812979208
0.002485888480514744
0.0036351809261028576
0.0036248016519662444
0.0028096785289684345
0.003198557307445839
0.0026884628691390355
0.002899842007396869
0.003834850654055299
0.0027688500219630874
0.002813989148798609
0.0031050279872224694
