0.001982186284857391
0.002021472249133751
0.002075261521654336
0.001992025183946286
0.0018079629806447533
0.0020129765956975174
0.0022901096362041786
0.001823889121993591
0.0019864284327536265
0.0020653902319503078
0.0018954916608346034
0.002204274471559819
0.0023919607325441697
0.0029085293689782134
0.002281659115464646
0.0023430986003219845
0.0021874162002496547
0.0017883893509869663
0.002300232742579355
0.002653930740393882
0.0018454548854659244
0.0017724292950270205
0.0020314599229404634
0.002516179477062984
0.0022086260850938174
