0.03979882785742539
0.03718493214925976
0.03669294689478096
0.03469667668324171
0.0394657853237254
0.037049999952737195
0.036830164566400404
0.035088363607077865
0.04053842057368508
0.03949091223141235
0.037392371156521005
0.041921640203797586
0.04494234701507598
0.045910126393054924
0.042526569949309465
0.036105330677600016
0.04328197740903511
0.03668846793464803
0.041575990518380776
0.045044804255622475
0.037160092497727025
0.03687166422194607
0.03856373002149861
0.037162706210235215
0.04445466921242763
