0.004657542211421568
0.00476949820695002
0.0037300068508557783
0.003056567305396038
0.004672601132739343
0.00394973423000736
0.003400276582053786
0.003917565713422736
0.004141079411332339
0.003782528526982265
0.003764722387319181
0.003243551255474534
0.0032688444857566167
0.004067480697382258
0.003399434934733634
0.004023121402522846
0.003461597539945898
0.0028947229733578715
0.0034423132682215897
0.003102708851968091
0.00423322440741451
0.0025190916755232933
0.0037191132190411828
0.003116044147095483
0.004260172800476851
