0.002343303240469643
0.002214447227979588
0.0020302045538890473
0.0021304803959489396
0.0024702377492265724
0.0021378553257309237
0.0019756511843941134
0.0025421902121890716
0.0019845919653561387
0.002638559595082206
0.001832312124887177
0.002329807809002274
0.0022405416484949175
0.0024538093439397325
0.002089287068349345
0.002513109287662801
0.0023851420713121504
0.001815467566788727
0.00220483882863526
0.002014189592976324
0.00259271034240652
0.0021487498199673455
0.0021476374615494497
0.0019832223597989907
0.002649652367471561
