0.0606501262882288
0.06550288350993407
0.051174760978616105
0.04930025667194608
0.061433162098089716
0.049690756216150864
0.05106874988786286
0.05780387521957448
0.05025447764184292
0.060562346945893415
0.04608214580953642
0.04983103916333263
0.048298589161607425
0.060075670540180516
0.05306936330866885
0.0578174707076746
0.056946079434230266
0.044519373722583654
0.04999025799671801
0.04589670221448576
0.0632469334914997
0.04935725979141294
0.053838404220368244
0.045858750238146964
0.06994597603520344
