0.0026106328072201157
0.0023982647007324983
0.002899342551729236
0.0028770337723889755
0.0033567781928415487
0.003280882081658794
0.003276898339624903
0.003111792276970062
0.002723422059420093
0.0031715485303287798
0.003020631057590079
0.0031816535049519743
0.003031612179546955
0.002731950320286877
0.0032963785431269176
0.002705625447231961
0.0024440021090244356
0.0030501593482987074
0.0031169623013408507
0.0030614160545980266
0.003264506757208472
0.0027327382472597966
0.0031686948268193262
0.002395749392197157
0.003274043223119527
