0.002162452449382878
0.002689767493828184
0.0017988315910229963
0.002806996574945316
0.0022345653650267384
0.0018684495913112108
0.0020407289799798363
0.002237050709849046
0.0026730719798441775
0.0018732817887324022
0.001949310744565383
0.002638459894508475
0.0033508669959326134
0.0018222852235867898
0.00267862929674688
0.0021069741784683297
0.001788033736817297
0.0020501739003003236
0.0019477265829341089
0.002027731657339755
0.002273673331340323
0.002096376354966556
0.0018356571745566364
0.0020581529615231707
0.002061963887562135
