0.04036523757649641
0.04804023229137789
0.03705778546486145
0.04612285235715165
0.04152767004977671
0.03800719562341647
0.036731097992041196
0.0446892564342445
0.047679523231612266
0.03767961157393586
0.03863066119700749
0.04477988796516455
0.04469456180111563
0.037949688947866135
0.041734796187288876
0.038564562500339176
0.03293992492153763
0.04197496853961357
0.034206093887999715
0.0393801058034964
0.04510997869611866
0.03815331297402447
0.03459225272096838
0.04016938143672186
0.03628350584590712
