0.003798669603048543
0.004368101848890182
0.003751847480747869
0.004078732404182462
0.005031367827933025
0.004274594592649808
0.003960196689723078
0.002977296663568929
0.003297794749561203
0.004699724552556005
0.0037648112329186287
0.00373864506088166
0.003907092367328269
0.004044439072607781
0.0035604696734411064
0.003653845020379814
0.004674489851113155
0.004186789803071705
0.0037153192935196534
0.003915182750275782
0.003970048588355788
0.004069434800134817
0.0031017774458560487
0.0044532566654887605
0.0041565769325324015
