0.0016841583796315574
0.0017946461010327445
0.001911334087136508
0.0018963683926190797
0.0021771078543849375
0.0017230430877965292
0.0016637674188468535
0.0016251790139517506
0.0017182106205879326
0.0019074036589163876
0.0018271917207062943
0.0017240475205843105
0.001952614334962158
0.0021078101269966466
0.0017560732033820071
0.001704488625759488
0.0018050587955029415
0.001912031507440157
0.0016430964071119888
0.0017580715674877074
0.0016660549372368354
0.0015876921442543946
0.0016280370049821438
0.0020257793053667576
0.0019485510402573612
