0.017639421433328844
0.018276907543180006
0.020538615829809703
0.019553972881703564
0.02395349185200777
0.017773869325951965
0.017368101832504278
0.015434872584087189
0.018587470215818892
0.019674064911552783
0.018426901325747893
0.01858590229626441
0.020844448339024216
0.02386625090779664
0.01846670414736412
0.018465802811017517
0.01872389856815905
0.021485959722105423
0.01741694747458789
0.01837962332597718
0.016810426949716354
0.0164203580538351
0.01666252899404005
0.020934840977860903
0.021716858354706454
