0.002253584630866533
0.0024912757092059555
0.002297369713631135
0.0023383488135593484
0.002719892826842426
0.002774288005083726
0.0020028092205482692
0.0021738676124344767
0.002431006002418263
0.0021223800566941846
0.0017014805259716384
0.002174212577319388
0.0023503258727549233
0.0027130646551268072
0.0020532175875284816
0.002375939434015162
0.0021080133373605047
0.0024178859269016677
0.0023346490775267396
0.0022888196457060816
0.0024827679407730847
0.0022715107941948948
0.002754156213965136
0.0018124024831320262
0.0021613395576173143
