0.0030904675157138253
0.0029673587756092624
0.0038326342720715867
0.0031970337196844593
0.003107648803764925
0.0032724284069159627
0.0034625109056491106
0.0031657121139792715
0.002665070277962946
0.0028871184282132996
0.0031977830800863456
0.00362121944846675
0.003208956375714359
0.0027443523814946937
0.0038913898271767827
0.0027721017382052217
0.003259150934743568
0.0035774859403236237
0.004488409835171527
0.0033123602893185638
0.0033232253874245178
0.0031531119041036805
0.002703173218074665
0.0038493819521718126
0.0033905606373847755
