0.04273204067077606
0.04756917736513407
0.048141943072465256
0.04505565165179329
0.05733830501680922
0.05198304158426133
0.04606434884414439
0.048834025380693195
0.04023766215755763
0.050592842929039525
0.042283559688405324
0.047421179510541096
0.048614490568182886
0.04659409276016541
0.05575950779930583
0.04151402001258637
0.043328246816227524
0.053359446291795426
0.06251777578167331
0.05272538223228718
0.054998836787882775
0.05320595527725408
0.047629148014904615
0.04274580068674664
0.04767591200451289
