0.013885249160894335
0.012616333355610989
0.013888900627754636
0.010052797249649454
0.01025773129240824
0.009808287896444837
0.014450847611484923
0.011694726371255069
0.011209757756231014
0.01318549116012225
0.014294813969297082
0.014899702045985307
0.01751387569118838
0.01518658825965054
0.010713137919657674
0.015731806295365053
0.01050124691547327
0.012154112567332781
0.012599391592448364
0.015180821936599751
0.01001630473833303
0.017395960432484238
0.009967796125124499
0.016626193391657426
0.009845259936385383
