0.005305340147007269
0.0044612853126057075
0.004907155011142204
0.005006906809172494
0.005330346285445231
0.005144318613477296
0.005292011850633367
0.004713463526769757
0.004712649563450184
0.0050052163636830176
0.005095562363187052
0.004717808149856212
0.004810738405110896
0.004679356246054977
0.0044532729477383
0.004873049171238363
0.005001369731239716
0.0050315796196777045
0.004129841894439418
0.005005256330526586
0.004762593709354748
0.005381578260186894
0.004673228632733609
0.0047872906584138656
0.004939363604662549
