0.002429702043470179
0.0027125822038933595
0.0034223103394167963
0.0027224412061307816
0.0030238164106545784
0.002751452631642224
0.0029404086373304
0.0028237808089478017
0.0031676106732049297
0.0028957821874786766
0.0030504475001763547
0.0031448953268596773
0.003084982681092491
0.003910419110569725
0.002885032286878387
0.00312941184610273
0.0028311430196160748
0.002899288986832619
0.003417358334174866
0.0027850647930337817
0.002839112636375089
0.0024193147584694145
0.002743750331297515
0.003135469819499226
0.0028816304141205274
