0.0018925571692473221
0.0018444980806974437
0.0018370485599657853
0.002266845381223773
0.0022718781148333596
0.001807344108273366
0.0029485335156156384
0.002384901077479004
0.0019723200715619834
0.003075665653410213
0.0019533754469822553
0.0025318671507743246
0.002282531716632084
0.0025315948163004095
0.0017297283810420647
0.001847756702710474
0.0027478597853321323
0.0033242343450534933
0.002118538574088895
0.002063939667623323
0.001957831645551768
0.00241549278596112
0.001871616140721597
0.0023991291566866154
0.0021630387730951525
