0.03852316723055919
0.03365195668874696
0.0370136278681362
0.04239190513040736
0.04085585757778712
0.03286071125777539
0.0495452587906645
0.042292877034522114
0.03987117252145068
0.04488284028566759
0.03582124501155167
0.04601083371305892
0.040534600409603765
0.03873678595072685
0.03662284064431545
0.03664038040991023
0.05409603583435255
0.05017739516130612
0.03855947189339334
0.04038963090056905
0.03898210084945309
0.0423585612053203
0.03404031789576212
0.044418853214043784
0.039499644412992495
