0.0027703928218074853
0.0030239880977283823
0.003545897090603281
0.003190867369921446
0.0019511374525321662
0.0036627547461747685
0.0027262070660638692
0.0022596477130333815
0.003280888907777647
0.003062009005022193
0.0027609500611789346
0.0018540543891566602
0.0031779006270693916
0.0028833863972633623
0.003195550373780184
0.0023007013419054125
0.0029998384749552963
0.0023813296383839934
0.003190645640085787
0.0022444036567783013
0.0028102151009489424
0.0026869086459958454
0.002939153608765147
0.002947189432497289
0.0029766593221149684
