0.0017950082558005724
0.0025928270144080327
0.0022030167809050354
0.002166701426492252
0.002081300924568279
0.0020317560300056737
0.001945928079935308
0.0021121401548789697
0.0021896021153599626
0.0021114811612187342
0.0017959590358672009
0.0027227721179606296
0.0018124317406543373
0.001544085690952308
0.001554191869341495
0.0025003903127810995
0.0025239104942481783
0.0025412952286336787
0.0016785129894843476
0.0021242963704595644
0.0016984437299698576
0.0020291226717939494
0.0018933902328670154
0.0017246727727417068
0.0017277698391528265
