0.041670265905875324
0.04539125634461478
0.0476605049027655
0.04656442241048681
0.03436338754960345
0.050635971939696815
0.043633186435349344
0.038385349019076254
0.04846438775749138
0.040407660513986164
0.04071390274157348
0.04125782027252338
0.0442426307657802
0.03881915137493858
0.04330722235905791
0.03922594225004178
0.05160324293533216
0.04050863659895173
0.042968617695247
0.03919702684555601
0.038031928605208154
0.04049142301108971
0.04327962887889688
0.0406286966713063
0.03965279658744958
