0.004277585140521512
0.003597494295456832
0.003706953203170481
0.004116544280185106
0.0037505338297807284
0.004149828221425589
0.0048755749910126284
0.003383395668774159
0.004190006579304653
0.004713932709574279
0.004050331671386247
0.0038232409754538187
0.003415821821065821
0.0045367244218758335
0.003454226234568348
0.004606942937717161
0.004304043275636885
0.004368259095964825
0.0033460920911478225
0.0044307069965724725
0.003566511585137689
0.00453252905929854
0.0037202823691365773
0.0033785464841788256
0.004176500419730998
