0.0019804648007867055
0.0017911519912466685
0.001988927483772631
0.00208240450168615
0.0019419819880181963
0.0019290407022565666
0.0021031576154085137
0.0017506578670198347
0.0020072513220725755
0.001963206993360731
0.0019518137518640527
0.0018418415992245947
0.0017982909336568367
0.00214720738794054
0.0019940274754682353
0.00203911753091265
0.0020408828584589324
0.001981039296194506
0.002121689278886447
0.002066311864678664
0.001979391360641538
0.001999590298119555
0.002114323812782644
0.0019407949145395923
0.0019998375685182958
