0.026275835106914162
0.02031637413562015
0.022748756849596687
0.026514178644818868
0.02385545323038421
0.024552322878581077
0.02943990506776439
0.020402488164192743
0.026325956078852877
0.02600926228328534
0.024077118846435087
0.021075711849954312
0.020593040793346274
0.027943225963742508
0.023424355859985632
0.02572793747299265
0.02606102635378628
0.025471886949085202
0.021070205468677612
0.027053892799384194
0.019832099469851296
0.026154186967697016
0.02552298298700601
0.02135787781337218
0.023371879751970675
