0.0035673861948199662
0.0033960348547669604
0.003658115139755702
0.004062639575819533
0.004024333628192809
0.004209343678406596
0.003256295028933705
0.004270586985121262
0.003407018726646416
0.003967423231377583
0.003305905865537479
0.0039029262420710547
0.004348385857479479
0.0039001684507831568
0.004355774541970506
0.004090428119582638
0.004245191634627036
0.004482872690944167
0.0040949919106980275
0.003714032170069496
0.00414673846388682
0.003609174599890216
0.004917989952807304
0.004490241945561208
0.003592946307173414
