0.001620310716210412
0.0015556139756346193
0.0017789076548861494
0.0017044347068454538
0.001676016876997674
0.0019581620978647474
0.001645315679599343
0.0018665615612832888
0.0015758487258752442
0.0016181892410534681
0.0016794380240883879
0.0018827500851904299
0.002156786153966373
0.0016955467575534497
0.002124669087999108
0.0019174842486202948
0.001866926275273987
0.0020044221896784813
0.002087928959775923
0.001611837296839319
0.0019758541054812995
0.001661152267135599
0.0019710621040726728
0.0019689678742713965
0.0017743606075605472
