0.016242286030454866
0.01647496546889651
0.01857401169969479
0.018900185183507473
0.016004367284276875
0.02068061398678168
0.017657547954992883
0.020899487136737695
0.017103240699326314
0.017128756153029057
0.018244383843405366
0.020156066189123627
0.019895271751385512
0.016813370926885462
0.02312092418839796
0.0199647944399343
0.019540670365411798
0.021105469791218596
0.022652266480416478
0.01712568701086278
0.02179882466591235
0.01801448374010006
0.01952920567336324
0.021538909589290993
0.016768564721971253
