0.0019072468556845237
0.0013130837875471603
0.0016939827842531374
8.872265887832761E-4
0.0011122388995487512
0.0015549817819822378
0.0019911384275589565
0.0016880935460482779
0.0018583024426038746
0.00203724871919387
0.0018990720958018674
0.001956211158502804
0.001249918423472437
0.0011024719616604846
0.001659443183352437
1.1230397908621314E-4
0.0015479147978651267
0.0013919744958421384
0.0017980303790838298
0.0017212366940917952
0.0019757443184954034
0.0012613908482502479
0.0012367716688198515
0.00152815047016301
0.001352950141223724
