0.0026476411149358036
0.0023909833589523992
0.002673346741082314
0.0024411270278913376
0.002449971723058353
0.0019986733198527977
0.0020857300827579897
0.0024902424559134183
0.0018285181148893746
0.0015251424473765266
0.001678089190904825
0.001972779031849607
0.0028154090488173946
0.0026922612707425825
0.0016534693894683637
0.0040044912819617055
0.0019011582928139495
0.002829858507118502
0.0021719903270780963
0.0018231338039703037
0.00191243254027522
0.003443896683170818
0.0021818365104061327
0.0019288924104331727
0.0022041539626371513
