0.044779937092255626
0.026362442289986885
0.026511366955012033
0.022785216878931213
0.023907869271075542
0.02146624940331215
0.0316647982010323
0.026039852612201875
0.029218467751019345
0.028334082084815214
0.030955887754508086
0.028543665230970718
0.02634662053902612
0.02264109408074789
0.022951115847803096
0.023539146555663817
0.024344422718660826
0.028436440528060648
0.03056435623198676
0.027056542379499216
0.02554165967140101
0.02247673317823941
0.025370162372702048
0.033685998358350594
0.024152277657511222
