0.003483680831372572
0.004336938724013784
0.0034301454481148823
0.004100332945927382
0.004127326209403716
0.003606920874391243
0.003871400547218234
0.004526330739949768
0.004053210383605083
0.00422827621755647
0.0042623100093352245
0.004246403484806117
0.005088917474390516
0.004533576095558963
0.004130141829660764
0.004065679936965122
0.004561739191878663
0.003991599147876776
0.003075858010078813
0.00430989157195204
0.003968374829165681
0.0042121940374484105
0.004179379690516693
0.004197755784730861
0.0035087839802692825
