0.0018872600581018803
0.0018875750172560033
0.0020588684742272414
0.0020116768341683585
0.0019679843982224983
0.0019523111120648504
0.001902200295084775
0.002137358083013007
0.0022510035349881056
0.0019366656815957698
0.001962488753341834
0.001929725402351875
0.002031546476941463
0.001956396447964997
0.0019318426982929506
0.002072316589427149
0.0020372272882450697
0.0020364887934926287
0.0017440175898824075
0.0019281249453680532
0.0019872615094385995
0.0020533662564718898
0.0019561356575655358
0.0019033580674923138
0.001953317392428875
