0.02038215745896874
0.023026595859483863
0.023426026581921507
0.024101210529636288
0.023614981110422425
0.02276733240344889
0.023969328310692973
0.02729219871898054
0.027157906050523546
0.025072839138661384
0.025632191784073277
0.023504588292258755
0.026881043875493817
0.023436820903929272
0.02187897045160555
0.025269716535808225
0.027262007078543406
0.0251403209098572
0.019874765739354504
0.02616546631288608
0.023103613537226262
0.02612820546388821
0.022658781856532247
0.023894382557243802
0.02331920136694686
