0.0017857139155318302
0.0018514499181085612
0.0019571356829529165
0.0020102387653181068
0.0017181189072122348
0.0015499584733830454
0.0017556569720113683
0.001958308109788012
0.001721760414182674
0.0018345277201920187
0.0017897403480602895
0.0017283150332309336
0.001799148419034834
0.0018920415234290017
0.0017686077114320246
0.001827150533546167
0.001630770854390924
0.001623167767886972
0.001770008085349051
0.0018621598851981383
0.001975217886243955
0.0018669228558487558
0.002303437796041338
0.001785288747722627
0.00195471432697715
