0.002165003895464762
0.001819353763357943
0.0027707250003388855
0.0024042197322997746
0.0012900436038154309
0.0013294954861195435
0.0013081635055354477
0.0017457837178077658
0.0016120263871723403
0.0013179857272498
0.0014314492799070032
0.0015920928776222809
0.0016702887820687219
0.0018889319223495168
0.0017640930934284917
0.001779747724816361
0.001346167410697926
0.0016319896788234026
0.0015643420982555613
0.002848959585651153
0.001963366182675003
0.0018300540145418287
0.001911027606770302
0.001448103944927173
0.001341834928361469
