0.0250378732610306
0.03011599210719046
0.03876783418369075
0.04039362027816545
0.02323200608350632
0.022570371805792556
0.022984293335749452
0.028130439835637455
0.026252008311424015
0.019077778495410487
0.02715063592641513
0.028040873244715433
0.029164053016753382
0.02989718967945949
0.027288572550925674
0.03278049406975793
0.02068865762460703
0.022709621703704327
0.02719596176039134
0.0457871449783527
0.03329963362222704
0.029681943239997472
0.032138985845924575
0.025606517893766417
0.02132077807249643
