0.004178491707753322
0.004510501072690222
0.0034524045042816885
0.0039311018417551215
0.0038161002795352402
0.004120496685269465
0.003947313529017106
0.004653134551414323
0.004485319039721084
0.004279776856860253
0.003721419662406017
0.0041204830601061565
0.003563071505422568
0.003907560111624942
0.003942450957948755
0.004208183205940486
0.004237038304286763
0.0043710515563657164
0.003854660450134244
0.004082712626921663
0.0038186313431181214
0.004271343934229602
0.003383441976749912
0.003869773947207471
0.004765147749334679
