0.0019933574240991172
0.002112007008624993
0.001756238008501744
0.001992117736444829
0.00202764995321583
0.0020608760606085044
0.002204339316321688
0.0020991631983799256
0.0022030794728202007
0.0019804832366718986
0.0020070339243249916
0.0020919607754118293
0.0017409750366742824
0.0021311979367698588
0.0018950373874523658
0.0018904756524481157
0.0022885837649449614
0.0019736565603103873
0.0019660000016370523
0.002043386845815617
0.0019361345415352725
0.0020614871799037988
0.0018725568017314538
0.001980203379587192
0.0019329981677095878
