0.0233561460285583
0.026119537033003383
0.021468355773891407
0.022781521470079388
0.025296700043168398
0.025185886535719775
0.027763364947789373
0.02566613968205714
0.02689251670682323
0.02519944711542037
0.024168372008949605
0.025828867625313674
0.022200062126315694
0.025473167093027962
0.023475028795602346
0.024456646628582716
0.029025527513179383
0.02636079382846457
0.023770898788185536
0.02436525364803957
0.020248867431433514
0.02647787086535105
0.017825506747622608
0.025642105205468235
0.026350386409831745
