0.0018849821782141417
0.0017447567930578803
0.0019577594590435357
0.001945987119162153
0.0017672794556715579
0.0019191341713533925
0.0017693295590038704
0.0018812780962087071
0.0016570747514579162
0.0018868787681799947
0.0016842579490118812
0.0017747144781597
0.0016276688961537264
0.001913642575833078
0.0017327990270025483
0.0018370402821784964
0.0017752079264602325
0.0019765230056481525
0.0020099227809117206
0.0017517686605150204
0.0020066322948763204
0.0018415618975763737
0.0019115344958471475
0.0020109449439819848
0.0018867031796711991
