0.0017496662024801784
0.0016947988535137336
0.0019692491870292555
0.0023853585525759795
0.001595355230998947
0.001931180804597749
0.0013610727120975238
0.0017198141247363585
0.0018204875123563106
0.0017498545796712926
0.0014961840101932052
0.001647313692059301
0.0020537269510157957
0.0018754846634319183
0.0017898462139847946
0.002440055240844449
0.0014928309168457078
0.0014908173373810874
0.0015534889190375364
0.0020066594013615877
0.0013328248952696544
0.0015027182077341295
0.0014685975288839042
0.0018123546448069782
0.001830851839492841
