0.028643995505713626
0.029294954441447706
0.0327752210809842
0.03362043718686173
0.026599994421743014
0.031252702519243884
0.02507733132112695
0.0307856495183491
0.02552792137637106
0.0329203024987844
0.02356927089191331
0.028226750987013615
0.03111040464503996
0.026981926880866484
0.02952332169043574
0.03390107139619889
0.026292550567059272
0.026523884958753335
0.026790186671909216
0.03259848026988516
0.022992589420001104
0.026958308297462635
0.02440532487764631
0.028361937891323286
0.026510304679376907
