0.07221225381379978
0.06202781978767624
0.05679871457661145
0.0660884633987083
0.05897640822887373
0.07937405516473475
0.05558342178358422
0.05643361288613637
0.06214354855466082
0.08487129558557396
0.06896295256085767
0.07267893238573342
0.07044440533553926
0.08175197565975997
0.06850269642440882
0.06631214525653632
0.056204379562043716
0.05633618009107985
0.07019982345502118
0.07480326593033271
0.06671445637106144
0.06571629950165048
0.06532457838306482
0.05871847131731389
0.09464988159618004
