0.003964884342606803
0.0038968070999962382
0.0033422158245407377
0.003851190563589688
0.0033706010809441333
0.004032659208498797
0.0029545542025998777
0.0026688445926050662
0.0034602943010162996
0.004755622656183923
0.003959282062114596
0.0033585405302036897
0.004257313456488433
0.0038266080833503613
0.003961909445276916
0.003344140774753443
0.003980865207401435
0.002821550528742393
0.00393287018074373
0.003835694154719925
0.003730047290052821
0.0037518498093460067
0.002807287959671488
0.003245018141523314
0.0051229511560412725
