0.0015635900193074006
0.0013346526361918641
0.001304875815326221
0.0014340727573672986
0.0012282418329587048
0.0013920623283975619
0.0010929450238451844
0.0011925492755404327
0.0012793502236847659
0.0015531880977221928
0.0015560931898514162
0.0014557847513526564
0.0015433633978928047
0.0016377787584169825
0.0013685711223818788
0.0013640081942486303
0.0012377737687720807
0.0011742500321661865
0.0013394942539869995
0.001383264258494411
0.0012779561696875461
0.0013109112672965698
0.0012841582638169122
0.0011944879596562726
0.0018694197925413136
