0.017847352196611106
0.014833286498609393
0.0147676000055775
0.017378361740865107
0.013328969473188956
0.015610978154609711
0.011714104153210555
0.011445958685239208
0.014935988898047545
0.0184744189319295
0.019135367684214345
0.017489582575652182
0.017503061281832932
0.01948757979737202
0.016238479938065556
0.01504105776366115
0.013063793481249033
0.012287676278640138
0.014521006761552137
0.01568465050556881
0.014499726484663727
0.013994229487173151
0.014062467744484658
0.012969164783006004
0.022965314814526006
