0.03751294138477066
0.025739294155893933
0.03662123122654853
0.02776541931703048
0.03364061431367308
0.027833242175948902
0.03134897592456792
0.033536035762193606
0.027044979289992575
0.026668514624817473
0.03127621842581673
0.03067429988118653
0.028387521291280204
0.03176741644735166
0.03471232222631672
0.02780667480240162
0.03381027669686207
0.027961428780955182
0.028825126395717732
0.03844410431981909
0.0344643961300454
0.029438099811945204
0.03270618351552708
0.026401427447903175
0.03320527924180293
