0.006425218661187218
0.00536571431084991
0.00610174749083122
0.005374303274501414
0.006172418579291374
0.005834290384714034
0.005865838370070983
0.005385142956811485
0.0059499816322722224
0.0051785373550799225
0.0057892597074291185
0.005933660957918595
0.0051430194003184715
0.0061624244262028505
0.006248934974649293
0.0055144672425925835
0.0072160755580445825
0.005248472507691475
0.00595490220408221
0.005945442546196566
0.005928213401808737
0.006066114579071889
0.005460876341950639
0.00516591031584042
0.005640577119310979
