0.06039353361196863
0.049062516883213336
0.058907604202031116
0.04916148229807098
0.060447099269297914
0.05539035277481779
0.058399975296853646
0.05557993318141413
0.05663408684783209
0.04566986573964263
0.05816271538629923
0.05614539025420954
0.04566585208335403
0.06031956663196135
0.05807641705903729
0.05309869392031438
0.07082503995414181
0.042412602189569576
0.05648519823198008
0.058408777467072966
0.05747556769777465
0.056795082131682814
0.05166542216133906
0.04371940853257292
0.05446194059998637
