0.0017975971911500773
0.001644280096253569
0.001672072246714382
0.001770931609584571
0.0013897981357746374
0.0018680366759733639
0.0019520129447316461
0.001637321372012671
0.001695400016345065
0.0016978378797382898
0.0018418784750667827
0.0018976918854484153
0.002070979248143762
0.001918592507710831
0.0016789214211692354
0.0018615712605078677
0.001646499601055004
0.0017451861151544198
0.0017043377690532913
0.0020236481180386126
0.001949000898543358
0.001773336589798301
0.0017705429923663652
0.00178021891530927
0.0020155243413291874
