0.0017207118317114662
0.0019772475499301436
0.0014694692798719329
0.002373422549877489
0.0016289472750689491
0.0016186400512530144
0.002399092908176644
0.0016840336683886059
0.0020652793629062005
0.0015131988706879992
0.0015312877454092381
0.0024198265766041532
0.0023886437138330714
0.001580415634700039
0.0017000396839392503
0.0017595829615888417
0.0015012911400325013
0.001863100009359391
0.0015940046691244809
0.0014464371737477166
0.0014629186154133192
0.0017177827854279579
0.0019039813773887146
0.0015059898866704139
0.0013933936261144254
