0.02956305477490869
0.03363808917566567
0.026075428561000702
0.03563579054372106
0.020615120154058822
0.025630852446551868
0.03550149800211255
0.029820743243480035
0.03507579892395656
0.026203418264824363
0.024966187429359497
0.03786834695956976
0.04142532449686789
0.02593053421073092
0.02978716253150115
0.026058533565386514
0.025170439678042972
0.030348790814834423
0.027123870411674047
0.02274431950378394
0.028637804458763585
0.02823542581341489
0.0311624530173991
0.02670789568642954
0.023501572967077916
