0.004139612377191961
0.004342809948135106
0.004137931995091674
0.004405464938134407
0.003922076198187177
0.004198768869655407
0.004736976601461537
0.004288028783743637
0.004657426105201725
0.004668289366963268
0.0036967490256679387
0.003768389077032482
0.004233722628577813
0.004108520799334931
0.00356931840343358
0.0045788532303981
0.004487207531359546
0.004038722484802884
0.0037865164670825395
0.004070948100948333
0.004507839092282902
0.00434383575733118
0.00415182293920787
0.0037750765225891244
0.0035560234540283086
