0.0020489355260288927
0.002014401973823302
0.002015315092550579
0.0018492097177944511
0.0018856472340061457
0.0019490675299157602
0.002163676172851316
0.002149320169320895
0.001963061869797402
0.0019651049767471823
0.0018329014448299234
0.002057279464683714
0.002110117277680144
0.002031365845103797
0.002103950672264649
0.002089260205143677
0.002130501326898473
0.001914442729131079
0.002092834051898758
0.002005975479901912
0.001987349102523306
0.001912360948123393
0.0022512118070876085
0.0019851383978225696
0.001931847094304561
