0.024729238189324917
0.02587625517155652
0.026548872676917367
0.024330204703927917
0.023668887096110314
0.024340916582009747
0.026067470006932096
0.028165696433853752
0.023709399475241335
0.02698233768915209
0.017353475296233423
0.02118030936099141
0.02889381304940944
0.0226726235442295
0.025977553086310785
0.029762112260341984
0.0271476558353729
0.022493357214598768
0.022144884496010986
0.025979189952288127
0.024248866276371447
0.023904844794771157
0.027138790620545448
0.022822126706847752
0.02137330387525293
