0.0034187393724220364
0.004079546909332646
0.004169798987256351
0.004696716567081823
0.0037488703678701172
0.0038968587399681796
0.004256072051154982
0.0044094178945607385
0.004288109229187766
0.003583979645286091
0.004765506943501913
0.004164178579485952
0.004034552391203632
0.004022056608788201
0.004230253699728825
0.003922173730380988
0.00410746320271325
0.0037703143837619123
0.004041113760080646
0.004882062289612947
0.0038456171219292366
0.004457815395997538
0.0035100579625311473
0.004434640935376526
0.004679365562576284
