0.0017073138375770082
0.0020997056088157516
0.001857085526651038
0.0022431353390498752
0.0020074777185281386
0.0019472002421050078
0.0021564189670040834
0.0018834353472471225
0.001971654915986621
0.0017611433233109233
0.0021199565144540827
0.0020921804764599057
0.0018893667373002761
0.0019014386120513095
0.0018534416798115204
0.002075021716693513
0.0020316964043801135
0.0018266838848581717
0.002069169871176341
0.0020404438096278408
0.001856061020849349
0.0021070538155786916
0.001741767672724504
0.001979813863791934
0.002069551472896415
