0.01939818314364268
0.025586758951361574
0.022020683409764735
0.02969804418627283
0.024055939966101253
0.02222283099554395
0.02318068900600134
0.023589635291462147
0.02634750521032555
0.019109128877010006
0.026246793367036805
0.026392759241284498
0.022499996982260094
0.02351332569302828
0.023753770182162355
0.025196577882533815
0.025322314008307395
0.020397898690580077
0.02641447067212623
0.025449952617167513
0.023316402617292682
0.02688062714793894
0.01936040704859641
0.024585754468732426
0.028964787752429305
