0.0026932639635182222
0.0028766837930469863
0.003077047814292043
0.002609626803249031
0.003217388551290915
0.0033893010718117882
0.0029661851842498793
0.0025605171425120204
0.002888329355109158
0.0027131545913183586
0.0028018811377770883
0.0032293367485849715
0.0031416241793252903
0.003419412586952236
0.0033579509515682254
0.0037206176818855713
0.0031610639027792593
0.0024865995240858437
0.0029669761993812733
0.0034891853216031245
0.0028677530885354405
0.002561393899106979
0.002916831338611065
0.00276007257479699
0.003002711260823915
