0.001760345917769481
0.001985193233639417
0.002903743632379637
0.002751783182154425
0.002378708034219093
0.0019211968928151393
0.0019464491618516118
0.0026734653247248038
0.002738129427566505
0.0018410090419717891
0.0021085560899594524
0.0024600935371680505
0.0019224513435673464
0.0027232144318760287
0.002050270282644015
0.0021316811377721182
0.001986269112195641
0.0017667894692648034
0.001980954506903704
0.0021187331891589817
0.0024904965564960403
0.0020783305984333586
0.0025256977743133963
0.003035258812544634
0.0019599781116386157
