0.03627697172394346
0.04038773926977786
0.044177906798408245
0.04082875036673192
0.042697600955523246
0.03597099904393967
0.032571119394236604
0.04613886587786375
0.047569882935154684
0.035037066746209086
0.03807318742157654
0.047227206483074956
0.039420597812731877
0.042971384322642574
0.037969331368449204
0.03855802156687273
0.038916955299248546
0.03040990696275785
0.0419999270358382
0.03481650940204274
0.04447525321223795
0.04121593840058564
0.046259320272902235
0.04814923014335176
0.037214630207856175
