0.005737794664186017
0.005507754449508469
0.006239019577085602
0.005789248427388904
0.005528072067891443
0.006032541526447696
0.005652627079292537
0.0057065959474661195
0.005594496941597819
0.005852651529461334
0.005810516696381535
0.005936258387632908
0.005813977920012457
0.006035517717296257
0.005977244944910726
0.005421809967254075
0.00587845751456215
0.005783161860904353
0.005464758117262067
0.005580525587526701
0.005844357608548277
0.005654629426285376
0.006042840522395445
0.005749470537316207
0.005643974568576407
