0.003071620752481455
0.0033677554885465917
0.0038764118490663547
0.003784314857963551
0.0031776018583164335
0.0029699801259097324
0.002925158936572169
0.0029045173138749964
0.002797725706293813
0.003589477813342969
0.0033407433707169473
0.003386058467694164
0.0025027103452344786
0.0034095791353768064
0.0033859448081433223
0.003511450166693108
0.003073996357438738
0.003028489269310803
0.0027385530314234306
0.0037524692486327945
0.0031626303809685324
0.0032541997236473956
0.0036742126729367402
0.00291995179800648
0.0035283279727619204
