0.003999085139786825
0.004457123175455363
0.003034955174956961
0.004277978658328702
0.0024433848434887583
0.004539091913879315
0.003747755763119214
0.0038386139283119753
0.003957997829062969
0.004019351049441785
0.005007074846512851
0.0038773146569908773
0.003718512880920176
0.0038101075683017018
0.004037716712052319
0.0026226046828136964
0.004200918221188337
0.0037224903323402076
0.004368004622908649
0.004042734811004193
0.0034024976948654547
0.00459251089876707
0.004776870349824782
0.00404182159641087
0.004156982623821878
