0.0016752771343592414
0.002064466513674436
0.0015489129336803873
0.00199184065481401
0.0013786065695122662
0.0021339567205569945
0.0017199691059947447
0.0017516907649812188
0.001533550356110079
0.001709439263305886
0.0018599888114197072
0.0019719750295288416
0.0016800372585735555
0.0018056018082347643
0.0017484666117781027
0.0014526581556583607
0.0017771589481328821
0.0018785684238541798
0.001870583145001286
0.002038865944628147
0.0014675711862187234
0.0017964368352338391
0.0019919787728813897
0.0016069403272353391
0.001782312868037724
