0.01693690514218964
0.02263085313669043
0.013924363910498685
0.022919810703073477
0.013413104289142701
0.02473253478090878
0.017559933893085196
0.014843211928827295
0.01568722770903873
0.018121182244871414
0.018407541947526557
0.018114151388402878
0.017701629701966835
0.020610995407987623
0.016656216689612122
0.013859419534783108
0.018760649631131002
0.019904111445310436
0.020527846814344993
0.022931341148318046
0.013590767942863109
0.019906471109635924
0.021455518507858016
0.016124289388522464
0.01914023656360223
