0.002954736865498052
0.003020495326919609
0.0034221786586072327
0.0034683201855887228
0.0028127533449981428
0.0030681311853479236
0.002742475717576504
0.0031229984776433655
0.0034473053950870736
0.002850987351962596
0.0031136827310695473
0.0028207763373388557
0.0036549596802968745
0.0030622377568682684
0.0033377108186503947
0.002948976165289105
0.0027865994375220354
0.0030975464309064586
0.0034070057754723862
0.003122773217148171
0.003052305587255147
0.003020042318504371
0.0024002011673078176
0.0027788966484452574
0.002786395365260843
