0.002879393746780487
0.002302064079274633
0.001882607261662055
0.0018084835404333739
0.0018817865598134713
0.0017466543983893613
0.001943439848216174
0.0023453407296603573
0.0020564440839916003
0.0027411256164249307
0.0020780795236348755
0.0023521266825344326
0.002556717728497181
0.002158854723957828
0.002260839988026511
0.0024022818128409803
0.0022651288762008436
0.002293471470820674
0.0019388772423311036
0.0021514586748348895
0.0026079836628479496
0.001745088279180473
0.0025907507728722876
0.0021352032393719845
0.0024431638339901343
