0.04629610824443543
0.03947811066426611
0.03050306827156057
0.03231669572297511
0.037109446468246425
0.03553404998193921
0.038880159383268484
0.044955671692506534
0.04043499932206957
0.04532292856274169
0.038637531124971085
0.041139205114079216
0.042462293471624696
0.04389922387038202
0.03897488228531841
0.044892827608781764
0.0391133709764591
0.03630270662532321
0.04142094166153819
0.04299738376104154
0.03966686492140596
0.03665704503896982
0.039985414080440436
0.0371954913676025
0.04283139342153903
